#ifndef __CONSTANTS_VISMAT_H
#define __CONSTANTS_VISMAT_H
double visMat[15*15] = {7.4999999999999991, 0, 7.2170614114058367, 0.41157097060989217, 9.7248669937332, 9.9420737870272486E-18, -2.0376825493942285E-16, 3.1974701935634636E-16, 4.6622982929429943E-15, 6.455135965477611, -0.92030066784928921, 6.2129896200375567, 1.7983593625115205E-15, -2.1471907741184925E-15, 8.3356002803427476, 0, 15.000190227539793, 5.0978726034250856, 18.104412432588987, 7.5806749548488916, 5.7195857426989128E-17, 6.0201936906727254E-16, 3.5133566592163114E-15, 2.1062589948193877E-15, -5.699594840946161, 8.0965393783922632, -0.042191083174396231, -2.3545647560390206E-15, 4.31403135136175E-15, -8.8126734039829557, 7.2170614114058367, 5.0978726034250856, 26.74020655676323, 14.319784664269259, 36.270910773945133, -1.9850028266783269E-16, 3.1041984688519515E-15, -4.256835891896093E-16, 1.2463286153812381E-14, 5.4124738682443052, -7.47965713254467, 10.063720528899683, 2.7800963354566588E-15, -3.0762259851744458E-15, 8.17052840501039, 0.41157097060989217, 18.104412432588987, 14.319784664269259, 45.605066395038335, 30.502400081930311, 1.9372294048694836E-15, -2.741671478576336E-15, 9.006198811234937E-15, -3.2310891530100719E-15, -5.5972613269542819, 7.3305216351891929, -9.8460841649141049, -4.3867985938140325E-15, 6.0130113126861811E-15, -8.223843493586994, 9.7248669937332, 7.5806749548488916, 36.270910773945133, 30.502400081930311, 77.932201890965743, -3.9825677174929574E-15, 7.4551582070210417E-15, -6.7357969273472021E-15, 1.312561993524314E-14, 6.1270430428807616, -7.8503360074712916, 11.961754674822057, 5.0732572672228992E-15, -8.4822537606181879E-15, 8.9492531605196977, 9.9420737870272486E-18, 5.7195857426989128E-17, -1.9850028266783269E-16, 1.9372294048694836E-15, -3.9825677174929574E-15, 15.000190227539791, -7.646808905137628, 10.862647459553386, -10.063540279121447, 1.6508682833780559E-15, -1.5903383129688698E-15, 8.2312973002270625E-16, 16.592968077007747, -5.818658130045204, 3.5602418023660038E-15, -2.0376825493942285E-16, 6.0201936906727254E-16, 3.1041984688519515E-15, -2.741671478576336E-15, 7.4551582070210417E-15, -7.646808905137628, 20.688876808845471, -8.2310852286877889, 18.708861341108552, -3.118069391354902E-15, 2.921925032492596E-15, 3.5314477561130865E-15, -12.573190370698242, 19.852756187785211, -2.1904702338558947E-15, 3.1974701935634636E-16, 3.5133566592163114E-15, -4.256835891896093E-16, 9.006198811234937E-15, -6.7357969273472021E-15, 10.862647459553386, -8.2310852286877889, 30.093584028291858, -8.6260392759931523, 1.7286641748980602E-15, 1.4046035041217309E-15, 4.0011877285086264E-15, 12.300805849072205, -16.44063814221299, 4.0582056416139377E-15, 4.6622982929429943E-15, 2.1062589948193877E-15, 1.2463286153812381E-14, -3.2310891530100719E-15, 1.312561993524314E-14, -10.063540279121447, 18.708861341108552, -8.6260392759931523, 47.213974830908093, -1.8572432500206E-16, 4.9568253862864915E-15, 1.0195998269300646E-14, -13.176492643300259, 17.147585184062951, -3.9073458683368665E-15, 6.455135965477611, -5.699594840946161, 5.4124738682443052, -5.5972613269542819, 6.1270430428807616, 1.6508682833780559E-15, -3.118069391354902E-15, 1.7286641748980602E-15, -1.8572432500206E-16, 25.529940607179693, -14.921093947392206, 18.570636018213339, 2.8135251140089926E-15, 8.7198614863900648E-16, 30.8757750437801, -0.92030066784928921, 8.0965393783922632, -7.47965713254467, 7.3305216351891929, -7.8503360074712916, -1.5903383129688698E-15, 2.921925032492596E-15, 1.4046035041217309E-15, 4.9568253862864915E-15, -14.921093947392206, 32.491830645585587, -18.133669855515134, -1.1115294107566107E-15, -1.9199074019938626E-15, -22.099035205729891, 6.2129896200375567, -0.042191083174396231, 10.063720528899683, -9.8460841649141049, 11.961754674822057, 8.2312973002270625E-16, 3.5314477561130865E-15, 4.0011877285086264E-15, 1.0195998269300646E-14, 18.570636018213339, -18.133669855515134, 45.403885956196945, -2.3782359564937737E-15, -7.7330431056715152E-16, 21.703336527136678, 1.7983593625115205E-15, -2.3545647560390206E-15, 2.7800963354566588E-15, -4.3867985938140325E-15, 5.0732572672228992E-15, 16.592968077007747, -12.573190370698242, 12.300805849072205, -13.176492643300259, 2.8135251140089926E-15, -1.1115294107566107E-15, -2.3782359564937737E-15, 40.83060763064028, -25.113489586689735, 1.7770786507628379E-15, -2.1471907741184925E-15, 4.31403135136175E-15, -3.0762259851744458E-15, 6.0130113126861811E-15, -8.4822537606181879E-15, -5.818658130045204, 19.852756187785211, -16.44063814221299, 17.147585184062951, 8.7198614863900648E-16, -1.9199074019938626E-15, -7.7330431056715152E-16, -25.113489586689735, 49.50460572457105, 6.6665703386532816E-15, 8.3356002803427476, -8.8126734039829557, 8.17052840501039, -8.223843493586994, 8.9492531605196977, 3.5602418023660038E-15, -2.1904702338558947E-15, 4.0582056416139377E-15, -3.9073458683368665E-15, 30.8757750437801, -22.099035205729891, 21.703336527136678, 1.7770786507628379E-15, 6.6665703386532816E-15, 66.627567760607135};
#endif
